2.20631
2.0375
2.10726
2.28363
1.86146
1.94151
2.00947
2.18363
2.34874
2.24703
2.41893
2.08335
2.14398
2.31323
2.47565
2.36549
2.53179
2.20513
2.25195
2.41451
2.57332
2.44852
2.60764
2.29283
2.31842
2.47261
2.6264
2.48097
2.63153
2.33176
2.32961
2.47436
2.62168
2.45425
2.59656
2.31231
2.28312
2.4196
2.56024
2.37482
2.51026
2.24072
1.76472
1.69227
1.51629
1.59931
1.67032
1.84447
1.91138
1.74828
1.81321
1.98214
2.03923
1.87992
1.93262
2.09435
2.13477
1.9808
2.01403
2.16668
2.18316
2.03645
2.04346
2.18554
2.17348
2.03585
2.01536
2.14724
2.11029
1.98204
1.34806
1.42304
1.17395
1.25944
1.3331
1.50624
1.57678
1.41509
1.48438
1.65244
1.71478
1.55703
1.61616
1.77662
1.82418
1.67243
1.71427
1.86476
1.89031
1.74691
1.76464
1.90328
1.90131
1.76866
1.75884
1.88517
1.85758
1.7364
1.08525
1.00879
0.838669
0.925181
1.00029
1.17123
1.24489
1.08552
1.15864
1.32537
1.39307
1.23719
1.30297
1.46213
1.51755
1.36802
1.41946
1.56779
1.60362
1.46358
1.49351
1.62847
1.63873
1.51128
1.51501
1.63524
1.61928
1.50587
0.67878
0.75461
0.514175
0.598995
0.673475
0.841709
0.917198
0.760258
0.835975
1.00169
1.07426
0.919697
0.991818
1.15062
1.21434
1.06594
1.12767
1.2752
1.32264
1.18447
1.2282
1.36095
1.38552
1.26139
1.2815
1.39734
1.39599
1.28885
0.35887
0.43154
0.194481
0.275958
0.348937
0.517326
0.592903
0.435585
0.512655
0.679915
0.756375
0.600498
0.678452
0.839577
0.911591
0.761652
0.834198
0.983645
1.04363
0.90456
0.963242
1.09676
1.13732
1.01324
1.0513
1.16637
1.18313
1.07732
0.103825
0.0301539
-0.15187
-0.0632063
0.013221
0.188807
0.264403
0.100583
0.177605
0.352872
0.432311
0.268422
0.351459
0.521932
0.602623
0.444413
0.530009
0.686671
0.760714
0.616154
0.693002
0.829849
0.887633
0.761255
0.81824
0.934973
0.970934
0.863561
-0.340781
-0.240537
-0.158338
-0.0774026
0.00250684
0.0854538
0.17745
0.269473
0.369866
0.462757
0.555059
0.633614
0.701936
0.755602
10.0416
9.86725
9.80603
9.66215
9.52934
9.70977
9.5633
9.40052
9.28024
9.42592
9.29418
9.15997
9.04713
9.16837
9.04697
8.933
8.82582
8.93098
8.81667
8.71533
8.61041
8.70605
8.59397
8.50051
8.39456
8.48349
8.37234
8.28696
9.45546
9.56635
9.33131
9.24774
9.1626
9.34475
9.23852
9.07168
8.98233
9.13029
9.0271
8.88768
8.79619
8.92094
8.82018
8.69881
8.60521
8.71477
8.61455
8.50478
8.40815
8.50852
8.40681
8.30527
8.20638
8.30058
8.19801
8.10316
9.1036
9.04669
8.88938
8.84923
8.80145
8.97895
8.90827
8.74206
8.67936
8.82921
8.75037
8.60685
8.53381
8.66387
8.57925
8.4516
8.3704
8.48679
8.39691
8.28042
8.19244
8.29951
8.20526
8.09559
8.00122
8.10317
8.00438
7.89962
8.68439
8.66117
8.48965
8.47674
8.45344
8.62439
8.58068
8.41716
8.37459
8.52514
8.46627
8.32004
8.26227
8.39674
8.32626
8.19326
8.12311
8.24575
8.1658
8.042
7.96106
8.07591
7.98746
7.86885
7.77745
7.88843
7.791
7.6765
8.29919
8.29741
8.11146
8.11922
8.11381
8.28221
8.25745
8.09521
8.06782
8.21993
8.1766
8.02767
7.98213
8.12109
8.06247
7.92401
7.86286
7.99197
7.92016
7.78906
7.71371
7.83633
7.75223
7.62539
7.53631
7.6556
7.55894
7.43623
7.92623
7.94127
7.74034
7.76445
7.77412
7.94408
7.93439
7.77101
7.75628
7.91155
7.88058
7.72826
7.69275
7.8366
7.78757
7.64384
7.59013
7.72542
7.66022
7.52267
7.45211
7.5816
7.50114
7.36753
7.28086
7.40699
7.31147
7.18226
7.55843
7.58575
7.37427
7.41017
7.43133
7.60351
7.60708
7.44165
7.43829
7.59729
7.57689
7.42114
7.3944
7.54291
7.502
7.35366
7.3065
7.44716
7.38772
7.24486
7.17878
7.31394
7.23699
7.09796
7.01396
7.14561
7.05177
6.91726
7.19506
7.23117
7.01307
7.05737
7.08694
7.26027
7.27469
7.10788
7.11429
7.27668
7.26577
7.10714
7.08836
7.24082
7.20717
7.05511
7.01396
7.15901
7.10487
6.95778
6.89598
7.03575
6.96231
6.81886
6.73761
6.87384
6.78198
6.64294
6.8792
6.83706
6.65767
6.70778
6.74337
6.9166
6.93916
6.77241
6.78672
6.95106
6.94874
6.7883
6.77658
6.932
6.90493
6.7501
6.71439
6.86293
6.81371
6.66325
6.60547
6.749
6.679
6.53188
6.45331
6.59338
6.50354
6.36062
6.48491
6.53107
6.30802
6.36195
6.40177
6.57442
6.603
6.43678
6.45702
6.62261
6.62746
6.46588
6.46051
6.61813
6.597
6.44014
6.40936
6.56061
6.51591
6.36282
6.30874
6.45531
6.38853
6.23842
6.16238
6.30563
6.21777
6.07165
6.18639
6.13732
5.96161
6.01864
6.06181
6.23412
6.26728
6.10161
6.12669
6.29295
6.30373
6.14172
6.14175
6.30088
6.28495
6.12665
6.10017
6.25355
6.21291
6.05774
6.00701
6.15603
6.09224
5.93975
5.86614
6.01194
5.92602
5.77741
5.79237
5.84378
5.61789
5.67723
5.72297
5.895
5.9318
5.7665
5.79537
5.96242
5.97805
5.81525
5.81997
5.9808
5.96954
5.80991
5.78748
5.94267
5.9057
5.74893
5.70136
5.85231
5.79133
5.63705
5.5658
5.71357
5.62964
5.47913
5.44978
5.50299
5.27604
5.33728
5.38515
5.55695
5.59664
5.43179
5.46387
5.63123
5.65082
5.48793
5.49676
5.65847
5.65151
5.49122
5.47245
5.62884
5.59531
5.43747
5.39286
5.54521
5.48693
5.33137
5.26245
5.41167
5.32975
5.17785
5.1085
5.16333
4.93501
4.99806
5.04788
5.21966
5.26188
5.09728
5.13224
5.29992
5.32301
5.16007
5.17264
5.33504
5.33196
5.17124
5.15584
5.31312
5.28275
5.12419
5.08237
5.23572
5.18002
5.02362
4.95701
5.10723
5.02735
4.8746
4.76784
4.82421
4.59481
4.65942
4.71094
4.8827
4.92719
4.7628
4.80029
4.96836
4.99462
4.8315
4.8474
5.01068
5.01121
4.84992
4.83787
4.99598
4.96862
4.80958
4.77057
4.9246
4.87145
4.71466
4.65048
4.80122
4.72353
4.57048
4.42823
4.48581
4.25546
4.32141
4.37446
4.54616
4.59263
4.42853
4.46833
4.63653
4.66558
4.5026
4.52159
4.68517
4.68914
4.52791
4.51928
4.6777
4.65345
4.49442
4.45833
4.61258
4.56211
4.40543
4.34387
4.49463
4.41935
4.26654
4.14777
4.08891
3.91579
3.98329
4.03799
4.20988
4.25828
4.09429
4.13644
4.30479
4.33653
4.17377
4.19587
4.35954
4.36693
4.20606
4.20091
4.35929
4.33822
4.17961
4.14657
4.30061
4.25298
4.09687
4.03817
4.18848
4.11587
3.96383
3.7489
3.80927
3.57543
3.64463
3.70111
3.87334
3.92379
3.75979
3.80443
3.97302
4.00755
3.845
3.87041
4.03412
4.04507
3.88472
3.88329
4.0414
4.02367
3.86578
3.83605
3.98952
3.94495
3.78987
3.73435
3.88375
3.81415
3.66345
3.47026
3.40838
3.23462
3.30551
3.36382
3.53639
3.58899
3.42499
3.47223
3.64108
3.67858
3.51617
3.54502
3.70893
3.72371
3.56362
3.56632
3.72436
3.71029
3.55325
3.52734
3.68
3.63886
3.48527
3.43347
3.58145
3.51535
3.36666
3.06718
3.13071
2.8928
2.96565
3.02601
3.199
3.25389
3.08988
3.13994
3.30899
3.34959
3.18751
3.2201
3.38387
3.40262
3.24331
3.25068
3.40809
3.39844
3.24283
3.22141
3.37273
3.33566
3.18414
3.13672
3.2827
3.22076
3.07466
2.72484
2.79028
2.54995
2.62497
2.6876
2.86103
2.91848
2.75449
2.80772
2.9769
3.02098
2.85936
2.89619
3.05964
3.08289
2.92468
2.93746
3.09387
3.08931
2.93559
2.91936
3.06886
3.03649
2.88759
2.84522
2.98866
2.93153
2.78868
2.44912
2.38167
2.52254
2.58281
2.64493
2.69289
2.73648
2.76486
2.78212
2.78349
2.7692
2.74233
2.70052
2.64903
