2.91766
2.81029
2.73905
3.11654
2.99922
3.32826
3.20582
3.541
3.42106
3.74591
3.63301
3.94012
3.8353
4.12696
4.02816
4.31289
4.21667
4.50304
4.40689
4.69793
4.60178
4.89367
4.79952
5.08583
4.9956
5.27349
5.1873
5.45967
5.37589
5.64848
5.56526
5.84168
5.7586
6.0365
5.9554
6.22606
6.1503
6.40159
6.33413
6.55672
6.50003
2.88209
3.08203
2.97641
3.29557
3.18343
3.51221
3.4
3.72257
3.61537
3.92325
3.82176
4.11678
4.01874
4.30888
4.21116
4.50428
4.40529
4.70351
4.60422
4.90315
4.80594
5.09938
5.00552
5.29157
5.20023
5.48261
5.39169
5.67632
5.5841
5.87418
5.78067
6.0731
5.98062
6.26528
6.17734
6.44269
6.36257
3.06979
3.28198
3.17921
3.49818
3.39085
3.71046
3.60532
3.91409
3.81321
4.1108
4.01257
4.30611
4.20758
4.50482
4.40441
4.70746
4.6063
4.91027
4.81099
5.10918
5.01312
5.30373
5.20986
5.49701
5.40309
5.6928
5.59701
5.89204
5.79434
6.09076
5.993
6.28237
6.18537
3.28193
3.49406
3.3944
3.70469
3.60332
3.90905
3.80986
4.10744
4.00984
4.30473
4.20611
4.50568
4.40451
4.71075
4.60831
4.91582
4.81506
5.11654
5.01884
5.31249
5.21674
5.50678
5.41073
5.70272
5.60473
5.89982
5.80032
6.09402
5.99258
3.49976
3.70673
3.61177
3.90909
3.81357
4.10724
4.01139
4.30515
4.20727
4.50715
4.40589
4.71362
4.61042
4.91999
4.81819
5.12152
5.02256
5.31776
5.22043
5.51155
5.41375
5.70507
5.60553
5.89757
5.7953
3.71597
3.91533
3.82522
4.11088
4.01863
4.30763
4.21158
4.50936
4.40894
4.71602
4.61282
4.92255
4.8204
5.1236
5.02402
5.31847
5.22028
5.50943
5.41058
5.69926
5.5972
3.92566
4.11937
4.03153
4.31296
4.22046
4.51266
4.414
4.71816
4.61572
4.92341
4.82164
5.12224
5.02286
5.31362
5.2151
5.50177
5.40045
4.12862
4.32179
4.23298
4.51753
4.42243
4.72001
4.61909
4.92219
4.82194
5.11669
5.01795
5.30606
5.20505
4.32847
4.52433
4.43241
4.72164
4.62404
4.91848
4.82023
5.1114
5.01056
4.52575
4.72301
4.62652
4.9188
4.82034
4.72297
